<<<<<<< HEAD
191;
1, 1;
=======
169;
1, 1;
1;
>>>>>>> dd3be96... - java implementation
2;
3;
3;
3;
<<<<<<< HEAD
3;
3;
0;
0;
0;
0;
3;
2;
2;
2;
2;
=======
0;
3;
2;
3;
3;
0;
3;
2;
>>>>>>> dd3be96... - java implementation
3;
3;
3;
0;
<<<<<<< HEAD
0;
0;
0;
=======
3;
3;
0;
0;
3;
0;
3;
3;
>>>>>>> dd3be96... - java implementation
0;
0;
0;
0;
0;
0;
<<<<<<< HEAD
0;
0;
0;
0;
0;
0;
0;
1;
1;
1;
0;
0;
1;
1;
1;
1;
1;
1;
1;
0;
0;
=======
>>>>>>> dd3be96... - java implementation
3;
3;
3;
3;
3;
3;
3;
3;
<<<<<<< HEAD
=======
2;
2;
2;
>>>>>>> dd3be96... - java implementation
3;
3;
3;
3;
3;
3;
3;
3;
3;
3;
3;
3;
<<<<<<< HEAD
0;
0;
3;
0;
1;
0;
0;
0;
0;
0;
0;
0;
0;
3;
2;
3;
3;
0;
0;
0;
3;
3;
3;
3;
2;
2;
1;
1;
2;
3;
3;
2;
2;
2;
2;
2;
2;
2;
2;
=======
3;
3;
3;
2;
3;
0;
0;
0;
0;
1;
1;
0;
1;
2;
1;
0;
0;
1;
2;
1;
2;
1;
1;
1;
1;
0;
3;
0;
0;
1;
0;
0;
0;
3;
0;
0;
1;
0;
3;
0;
1;
0;
1;
0;
1;
0;
0;
3;
3;
2;
>>>>>>> dd3be96... - java implementation
3;
0;
3;
3;
3;
3;
3;
3;
3;
3;
3;
<<<<<<< HEAD
3;
3;
=======
>>>>>>> dd3be96... - java implementation
0;
0;
0;
0;
0;
0;
0;
0;
0;
0;
0;
0;
0;
0;
1;
1;
1;
<<<<<<< HEAD
0;
0;
0;
0;
0;
0;
0;
0;
=======
>>>>>>> dd3be96... - java implementation
1;
1;
1;
1;
1;
1;
<<<<<<< HEAD
=======
0;
0;
3;
3;
3;
0;
0;
>>>>>>> dd3be96... - java implementation
1;
1;
1;
1;
0;
0;
0;
<<<<<<< HEAD
1;
1;
1;
1;
2;
2;
2;
3;
3;
3;
2;
2;
2;
1;
2;
2;
3;
0;
3;
3;
2;
2;
1;
1;
2;
2;
1;
0;
0;
1;
1;
0;
=======
0;
1;
1;
1;
2;
1;
2;
3;
3;
2;
1;
2;
1;
1;
1;
2;
1;
>>>>>>> dd3be96... - java implementation
